# oST version 5.0 parameters


[image]

width
640

height
480

[webcam]

camera matrix
793.112289 0.000000 343.361353
0.000000 791.922171 246.465035
0.000000 0.000000 1.000000

distortion
0.031651 0.090963 0.000489 0.003750 0.000000

rectification
1.000000 0.000000 0.000000
0.000000 1.000000 0.000000
0.000000 0.000000 1.000000

projection
802.257446 0.000000 343.913254 0.000000
0.000000 801.689209 246.024748 0.000000
0.000000 0.000000 1.000000 0.000000
